Epoch 0
36.447, 80.089
55.050, 94.900
64.930, 96.980
Epoch 1
42.352, 82.576
66.950, 96.750
76.060, 98.510
Epoch 2
45.694, 83.772
75.300, 98.550
83.580, 99.150
Epoch 3
47.933, 84.638
76.400, 98.300
83.590, 99.250
Epoch 4
49.528, 85.187
80.950, 98.600
87.560, 99.580
Epoch 5
50.120, 85.521
80.500, 98.550
87.170, 99.500
Epoch 6
51.416, 85.950
80.250, 99.050
88.090, 99.560
Epoch 7
49.820, 85.278
78.950, 97.600
86.980, 99.070
Epoch 8
51.373, 85.964
80.450, 98.250
88.430, 99.340
Epoch 9
53.227, 86.644
83.550, 98.850
90.360, 99.610
Epoch 10
53.219, 86.798
82.650, 98.500
90.110, 99.650
Epoch 11
53.957, 87.049
83.050, 99.100
90.480, 99.730
Epoch 12
54.125, 87.297
82.750, 99.150
89.870, 99.650
Epoch 13
54.684, 87.376
83.350, 98.750
90.740, 99.650
Epoch 14
54.198, 87.426
82.400, 99.150
90.370, 99.620
Epoch 15
54.483, 87.416
82.950, 98.550
90.660, 99.590
Epoch 16
54.906, 87.638
83.200, 98.850
91.450, 99.730
Epoch 17
56.592, 88.153
86.800, 99.300
92.850, 99.850
Epoch 18
55.779, 87.796
85.650, 99.200
91.820, 99.710
Epoch 19
55.901, 87.981
84.550, 98.950
91.650, 99.730
Epoch 20
57.197, 88.317
85.750, 99.250
92.910, 99.750
Epoch 21
55.137, 87.506
84.450, 98.400
91.200, 99.550
Epoch 22
56.045, 88.015
84.750, 99.350
91.920, 99.740
Epoch 23
56.989, 88.453
85.500, 99.350
93.100, 99.810
Epoch 24
56.593, 88.429
84.250, 99.250
92.130, 99.710
Epoch 25
57.717, 88.880
84.900, 99.150
93.390, 99.770
Epoch 26
56.958, 88.476
85.350, 99.300
92.400, 99.700
Epoch 27
57.927, 89.008
85.500, 99.050
93.380, 99.860
Epoch 28
58.027, 88.956
85.300, 99.200
93.050, 99.810
Epoch 29
58.712, 89.277
86.800, 99.550
93.940, 99.910
Epoch 30
65.430, 91.647
91.700, 99.800
96.700, 99.970
Epoch 31
66.648, 92.190
91.600, 99.600
96.950, 99.970
Epoch 32
67.589, 92.584
91.450, 99.600
97.060, 99.980
Epoch 33
68.388, 92.961
91.200, 99.500
97.070, 99.970
Epoch 34
69.391, 93.418
90.900, 99.550
97.370, 99.980
Epoch 35
69.990, 93.769
91.300, 99.550
97.560, 99.990
Epoch 36
70.739, 94.185
91.400, 99.550
97.420, 99.960
Epoch 37
71.451, 94.458
90.500, 99.400
97.490, 99.970
Epoch 38
71.958, 94.767
89.800, 99.150
97.360, 99.960
Epoch 39
72.445, 94.970
89.450, 99.300
97.830, 99.990
Epoch 40
73.360, 95.328
88.700, 99.300
97.580, 99.980
Epoch 41
73.724, 95.543
90.750, 99.500
97.730, 99.970
Epoch 42
74.499, 95.831
89.450, 99.100
97.530, 99.960
Epoch 43
74.772, 95.998
89.300, 99.250
97.450, 99.980
Epoch 44
75.149, 96.174
89.850, 99.500
97.630, 99.980
Epoch 45
75.397, 96.289
89.450, 99.250
98.000, 99.970
Epoch 46
75.885, 96.534
86.750, 99.150
97.200, 99.970
Epoch 47
76.587, 96.801
89.000, 99.100
97.630, 99.980
Epoch 48
76.493, 96.795
88.300, 99.100
97.040, 99.990
Epoch 49
77.145, 97.056
88.150, 98.800
96.670, 99.960
