Epoch 0
43.714, 90.728
35.550, 87.400
Epoch 1
61.758, 95.158
49.650, 91.150
Epoch 2
68.772, 97.288
57.200, 93.300
Epoch 3
69.442, 97.106
56.100, 92.400
Epoch 4
78.466, 98.878
65.850, 97.450
Epoch 5
81.470, 99.232
67.700, 97.050
Epoch 6
81.126, 99.304
66.950, 97.500
Epoch 7
80.644, 99.466
66.000, 98.100
Epoch 8
84.940, 99.396
72.550, 98.000
Epoch 9
86.850, 99.568
73.550, 98.000
Epoch 10
87.560, 99.620
75.300, 98.300
Epoch 11
89.030, 99.672
75.200, 98.550
Epoch 12
90.042, 99.768
76.150, 98.050
Epoch 13
89.854, 99.766
75.900, 98.800
Epoch 14
90.194, 99.820
75.250, 98.350
Epoch 15
91.304, 99.832
78.300, 98.600
Epoch 16
93.174, 99.908
79.900, 98.950
Epoch 17
90.930, 99.848
77.700, 98.400
Epoch 18
91.758, 99.834
76.400, 98.200
Epoch 19
93.382, 99.910
79.300, 98.750
Epoch 20
93.146, 99.912
79.550, 98.900
Epoch 21
92.762, 99.892
77.700, 98.650
Epoch 22
93.194, 99.912
79.100, 98.250
Epoch 23
94.016, 99.930
79.200, 98.550
Epoch 24
93.530, 99.938
78.150, 98.750
Epoch 25
93.352, 99.898
79.050, 98.400
Epoch 26
95.510, 99.958
80.500, 99.200
Epoch 27
95.974, 99.970
80.950, 99.250
Epoch 28
93.046, 99.934
76.150, 98.350
Epoch 29
96.154, 99.984
80.800, 99.000
Epoch 30
98.736, 99.996
83.900, 99.450
Epoch 31
99.000, 99.996
84.450, 99.350
Epoch 32
99.178, 100.000
84.750, 99.300
Epoch 33
99.308, 99.998
84.400, 99.350
Epoch 34
99.416, 100.000
85.250, 99.450
Epoch 35
99.448, 100.000
85.300, 99.350
Epoch 36
99.490, 99.996
84.450, 99.450
Epoch 37
99.608, 100.000
84.950, 99.450
Epoch 38
99.560, 99.998
85.100, 99.350
Epoch 39
99.642, 99.998
85.250, 99.350
Epoch 40
99.662, 99.998
84.900, 99.450
Epoch 41
99.724, 100.000
85.500, 99.450
Epoch 42
99.716, 100.000
85.050, 99.400
Epoch 43
99.736, 100.000
85.450, 99.400
Epoch 44
99.804, 100.000
85.200, 99.300
Epoch 45
99.776, 100.000
85.050, 99.350
Epoch 46
99.814, 100.000
85.200, 99.350
Epoch 47
99.828, 100.000
85.100, 99.250
Epoch 48
99.830, 100.000
85.250, 99.300
Epoch 49
99.834, 100.000
85.150, 99.200
Epoch 0
52.966, 94.018
42.900, 88.900
Epoch 0
45.382, 91.520
36.750, 86.050
Epoch 1
58.504, 94.848
46.600, 89.500
Epoch 2
71.204, 97.632
58.850, 95.100
Epoch 3
73.198, 98.362
59.500, 95.600
Epoch 4
77.470, 98.926
65.500, 96.650
Epoch 5
81.396, 99.016
68.950, 97.150
Epoch 6
82.386, 99.104
68.850, 97.450
Epoch 7
84.082, 99.402
71.000, 97.500
Epoch 8
83.982, 99.392
72.200, 98.250
Epoch 9
86.948, 99.552
73.750, 98.600
Epoch 10
88.816, 99.646
76.850, 98.600
Epoch 11
88.860, 99.686
74.050, 98.350
Epoch 12
86.594, 99.612
72.750, 98.350
Epoch 13
90.618, 99.786
76.900, 98.850
Epoch 14
88.508, 99.780
74.950, 98.600
Epoch 15
91.742, 99.848
77.250, 98.850
Epoch 16
91.226, 99.714
77.950, 98.400
Epoch 17
91.872, 99.852
78.000, 98.750
Epoch 18
92.120, 99.916
78.600, 98.700
Epoch 19
90.626, 99.706
75.850, 97.300
Epoch 20
93.016, 99.904
77.100, 98.600
Epoch 21
90.276, 99.894
74.350, 98.700
Epoch 22
94.158, 99.942
80.000, 99.150
Epoch 23
94.794, 99.924
78.050, 99.100
Epoch 24
93.944, 99.960
77.650, 99.050
Epoch 25
92.522, 99.866
76.650, 98.100
Epoch 26
94.452, 99.972
78.750, 99.200
Epoch 27
92.226, 99.954
77.050, 99.100
Epoch 28
93.402, 99.952
77.300, 98.800
Epoch 29
94.828, 99.948
79.250, 98.750
Epoch 30
98.626, 99.994
83.900, 99.200
Epoch 31
98.992, 99.996
84.250, 99.350
Epoch 32
99.166, 100.000
84.700, 99.250
Epoch 33
99.250, 100.000
84.800, 99.200
Epoch 34
99.304, 100.000
84.400, 99.300
Epoch 35
99.416, 100.000
84.950, 99.300
Epoch 36
99.510, 99.996
85.050, 99.300
Epoch 37
99.566, 100.000
84.600, 99.250
Epoch 38
99.624, 100.000
85.300, 99.200
Epoch 39
99.658, 100.000
84.850, 99.150
Epoch 40
99.676, 100.000
85.000, 99.250
Epoch 41
99.698, 100.000
84.550, 99.200
Epoch 42
99.728, 100.000
84.800, 99.200
Epoch 43
99.696, 100.000
84.900, 99.200
Epoch 44
99.726, 100.000
84.800, 99.250
Epoch 45
99.798, 100.000
84.850, 99.250
Epoch 46
99.822, 100.000
84.750, 99.250
Epoch 47
99.844, 100.000
84.750, 99.300
Epoch 48
99.830, 99.998
84.400, 99.300
Epoch 49
99.848, 100.000
85.100, 99.300
